66666666666666666666666666666666666666666666666666
66666666666666666666666666666666666666666666666666
44664600666666666666666666666666666666666666666666
22222444006000006000606606666666666666666666666666
22222222202440002000000000000766666666666666666666
22222222222222222200224000077776666666666666666666
22222222222222222222222227777777066666666666666666
55222222222222222222222277777777726666666666666666
55522222222222222222222777777777776666666666666666
55555222222277722222227777777777776666666666666666
55555222222777777222227777777777777666666666666666
55555522227777777722222777777777776666666666666666
55555522277777777772222777777777722600606666666666
55555522777777777777222277777777222026606066666666
55555522777777777777222227777772222222226006666666
55555527777777777777222222777222222222222200066666
55555522777777777777222777272222222222223320066626
55555552777777777777227777772772222222223332220220
55555552277777777772277777777777772222233333322232
55555522227777777722227777777777777222233333332332
55555522222777777222222777777777777722333333333333
55555222222227772222222222272777777222333733333333
55555222222222222222222222227777772222337773333333
55555222222222222222222222277777222222377777333333
55555222222222222222222222777772222223377777333333
55555222222222222222222227777722222223377773333333
55555522222222222222222277777222222223777773333333
55555552222222222222222227772222222223777773333333
55555552222222222222222222722222222223777733333333
21555552222222222222222222222222222277777733333333
21555555222222222222222222222222222777777333333333
21155555522222772222222222222222277777773333333333
21155555555527777222222222222222777777733333333333
21115555555577777772772777227777777773333333333333
11155555555557777777777777777777777723333333333333
11115555551555777777777777777777772233333333333333
11115555555555577777777777777777722233333333333333
11111555555555552272772777227772222233333333333333
11111155115555555222222222222222222233333333333333
11111111111555555552222222222222222233333333333333
11111111111155555555555555552222222233333333333333
11111111111111555555555555555552222233333333333333
11111111111111155555555555555555555233333333333333
11111111111111111555555555555555555333133333333333
11111111111111111155555555555555555531133333333333
11111111111111111555555555555555555311133333333333
11111111111111111155555555555555551111113333333333
11111111111111111115555555555115511111113333333333
11111111111111111115555555111111111111113333333333
11111111111111111115555555511111111111111333333333
